row	col	g1_height	g1_height_err	g1_center	g1_center_err	g1_sigma	g1_sigma_err	c	c_err	success	chisqr	redchi
0	0	137.97185	1.05359	6563.01940	0.00973	1.42623	0.00880	5.27618	0.12152	True	1.64178	0.07818
0	1	136.99882	0.57534	6563.01811	0.00545	1.44262	0.00500	5.04814	0.06591	True	0.42596	0.02028
0	2	136.38922	1.16945	6563.01955	0.01144	1.45704	0.01052	5.34917	0.13652	True	1.53655	0.07317
0	3	132.23313	1.26276	6563.02145	0.01292	1.50186	0.01189	5.23661	0.14866	True	2.28524	0.10882
0	4	127.51849	0.40542	6563.01775	0.00478	1.54531	0.00437	5.04930	0.05438	True	0.31840	0.01516
0	5	122.07273	0.76679	6563.01506	0.00919	1.60172	0.00855	4.97361	0.10374	True	0.95572	0.04551
0	6	119.57411	0.94137	6563.01318	0.01171	1.61819	0.01108	5.24071	0.12624	True	1.46642	0.06983
0	7	117.21219	0.90650	6563.01673	0.01194	1.63337	0.01117	5.33572	0.12363	True	1.45071	0.06908
0	8	118.02159	0.51060	6563.01701	0.00647	1.62904	0.00605	5.21541	0.06941	True	0.41009	0.01953
0	9	120.57040	0.78456	6563.01868	0.00956	1.60083	0.00882	5.58026	0.10736	True	0.99682	0.04747
1	0	144.53088	0.25546	6563.01826	0.00232	1.45048	0.00215	5.08008	0.02955	True	0.12247	0.00583
1	1	144.69993	0.49598	6563.01745	0.00462	1.45973	0.00427	5.21934	0.05719	True	0.42646	0.02031
1	2	142.44175	0.37790	6563.01850	0.00367	1.48891	0.00335	5.30701	0.04582	True	0.21277	0.01013
1	3	137.57529	0.27570	6563.01761	0.00282	1.54027	0.00260	5.21089	0.03500	True	0.15578	0.00742
1	4	133.19116	0.39234	6563.01794	0.00439	1.59203	0.00409	5.32319	0.05150	True	0.37845	0.01802
1	5	127.23059	0.60792	6563.02089	0.00744	1.65727	0.00701	5.34937	0.08326	True	0.85649	0.04079
1	6	123.93846	0.38744	6563.01623	0.00503	1.68818	0.00469	5.49280	0.05442	True	0.37396	0.01781
1	7	123.01655	0.41467	6563.01747	0.00531	1.68960	0.00504	5.43527	0.05719	True	0.39421	0.01877
1	8	124.51738	0.38413	6563.01994	0.00479	1.66336	0.00449	5.74939	0.05208	True	0.29356	0.01398
1	9	127.82575	0.42827	6563.01773	0.00513	1.63426	0.00483	5.84674	0.05846	True	0.40183	0.01913
2	0	153.21521	0.92152	6563.01933	0.00777	1.46202	0.00720	5.62154	0.10404	True	1.20867	0.05756
2	1	152.82319	0.76371	6563.01797	0.00669	1.47695	0.00610	5.62012	0.08817	True	0.77215	0.03677
2	2	150.75891	0.88207	6563.01717	0.00792	1.50720	0.00720	5.78527	0.10483	True	0.86829	0.04135
2	3	145.55612	0.57203	6563.01735	0.00547	1.56190	0.00508	5.69038	0.07036	True	0.49115	0.02339
2	4	139.97662	0.54501	6563.01885	0.00599	1.62416	0.00554	5.79034	0.07409	True	0.53106	0.02529
2	5	134.21397	0.59913	6563.01788	0.00701	1.68625	0.00655	5.73821	0.07989	True	0.58756	0.02798
2	6	130.51009	0.72948	6563.01922	0.00900	1.72486	0.00847	5.86716	0.10418	True	1.00715	0.04796
2	7	129.35815	0.57775	6563.01352	0.00708	1.73504	0.00666	5.94475	0.07685	True	0.59042	0.02812
2	8	130.79049	0.42934	6563.01393	0.00493	1.69713	0.00466	6.13758	0.05678	True	0.28856	0.01374
2	9	133.32622	0.49594	6563.01785	0.00576	1.66509	0.00538	6.44343	0.06578	True	0.43047	0.02050
3	0	163.98785	0.57768	6563.01847	0.00474	1.47308	0.00434	5.91237	0.06672	True	0.53865	0.02565
3	1	163.16061	0.88542	6563.01591	0.00740	1.49786	0.00673	5.92635	0.10527	True	1.21134	0.05768
3	2	160.71184	1.27724	6563.01839	0.01081	1.53413	0.00979	6.34089	0.15040	True	2.04556	0.09741
3	3	155.57666	0.37460	6563.01871	0.00349	1.59004	0.00322	6.04344	0.04547	True	0.24274	0.01156
3	4	149.84668	0.54760	6563.01783	0.00576	1.64718	0.00528	6.23686	0.07234	True	0.59493	0.02833
3	5	144.22756	0.69101	6563.01858	0.00776	1.70748	0.00727	6.10917	0.09457	True	0.87518	0.04168
3	6	140.26029	0.57738	6563.01745	0.00692	1.74557	0.00641	6.24356	0.08373	True	0.70974	0.03380
3	7	137.58844	0.56150	6563.01287	0.00695	1.75536	0.00654	6.43796	0.08153	True	0.65627	0.03125
3	8	138.49391	0.94616	6563.01988	0.01105	1.71646	0.01037	7.00348	0.13307	True	1.59297	0.07586
3	9	141.82479	0.66862	6563.01695	0.00721	1.67382	0.00673	7.37497	0.08976	True	0.82822	0.03944
4	0	174.74467	0.93529	6563.01703	0.00718	1.48244	0.00658	6.18830	0.10378	True	1.29784	0.06180
4	1	174.21923	0.78964	6563.01789	0.00631	1.51208	0.00572	6.20284	0.09092	True	0.91255	0.04345
4	2	172.26455	0.61671	6563.01775	0.00495	1.54636	0.00448	6.48398	0.07241	True	0.45184	0.02152
4	3	168.50418	0.57076	6563.01651	0.00492	1.59454	0.00452	6.47750	0.06869	True	0.55026	0.02620
4	4	162.72298	0.59314	6563.01589	0.00573	1.65280	0.00525	6.54717	0.07627	True	0.64786	0.03085
4	5	155.98921	0.62492	6563.01801	0.00643	1.70755	0.00595	6.46971	0.08469	True	0.72421	0.03449
4	6	151.24661	0.36797	6563.01870	0.00400	1.73341	0.00372	6.75690	0.05131	True	0.28610	0.01362
4	7	148.68892	0.42909	6563.01769	0.00472	1.73455	0.00437	6.94888	0.06037	True	0.39788	0.01895
4	8	148.10948	0.30516	6563.01834	0.00325	1.70901	0.00306	7.48994	0.04170	True	0.17449	0.00831
4	9	150.33490	0.33894	6563.01716	0.00343	1.67643	0.00318	7.87675	0.04528	True	0.22312	0.01062
5	0	187.97101	0.47495	6563.01502	0.00342	1.50001	0.00312	6.39112	0.05103	True	0.29641	0.01411
5	1	188.40019	0.52185	6563.01543	0.00387	1.52241	0.00349	6.54675	0.05982	True	0.35912	0.01710
5	2	188.15925	0.71663	6563.01582	0.00533	1.54820	0.00475	6.90399	0.08196	True	0.54546	0.02597
5	3	184.10388	0.53731	6563.01859	0.00425	1.59225	0.00380	6.94420	0.06088	True	0.40060	0.01908
5	4	179.30908	0.86468	6563.01902	0.00755	1.63565	0.00677	7.29600	0.10724	True	1.12615	0.05363
5	5	172.77797	0.27683	6563.01603	0.00244	1.67061	0.00223	7.16685	0.03437	True	0.10973	0.00523
5	6	165.88534	0.35720	6563.02001	0.00338	1.70339	0.00308	7.48287	0.04688	True	0.21445	0.01021
5	7	162.07582	0.96732	6563.01895	0.00924	1.69531	0.00861	8.03266	0.12695	True	1.49166	0.07103
5	8	160.21582	0.70280	6563.01817	0.00645	1.67878	0.00603	8.42982	0.09009	True	0.70918	0.03377
5	9	161.13728	0.48430	6563.01767	0.00456	1.66329	0.00424	8.93204	0.06206	True	0.36512	0.01739
6	0	201.59563	0.70909	6563.01737	0.00468	1.50141	0.00426	6.90549	0.07856	True	0.73902	0.03519
6	1	202.52033	0.51546	6563.01820	0.00346	1.52602	0.00310	6.88165	0.05555	True	0.38638	0.01840
6	2	203.78317	0.74766	6563.01853	0.00514	1.54810	0.00460	7.37633	0.08121	True	0.63133	0.03006
6	3	200.74791	0.41013	6563.01860	0.00283	1.57721	0.00256	7.47272	0.04465	True	0.25378	0.01208
6	4	197.51658	0.37500	6563.01900	0.00290	1.59911	0.00253	7.64833	0.04345	True	0.22168	0.01056
6	5	189.47847	0.44712	6563.01763	0.00357	1.63418	0.00322	7.77428	0.05241	True	0.31492	0.01500
6	6	181.90111	0.42538	6563.01759	0.00361	1.65494	0.00330	8.14997	0.05387	True	0.34928	0.01663
6	7	175.96468	0.45092	6563.01692	0.00393	1.66160	0.00358	8.46220	0.05610	True	0.38732	0.01844
6	8	173.24404	0.56907	6563.01736	0.00482	1.65286	0.00447	9.07644	0.07031	True	0.54069	0.02575
6	9	173.23776	0.28613	6563.01759	0.00238	1.63999	0.00221	9.61650	0.03490	True	0.14446	0.00688
7	0	217.19634	0.56726	6563.01887	0.00351	1.49677	0.00312	7.38699	0.06151	True	0.36347	0.01731
7	1	219.67666	0.25759	6563.01826	0.00164	1.51303	0.00147	7.53280	0.02809	True	0.07029	0.00335
7	2	222.62675	0.55321	6563.01907	0.00350	1.52501	0.00313	7.99530	0.05918	True	0.27257	0.01298
7	3	220.06981	0.54895	6563.01748	0.00351	1.55010	0.00306	8.13648	0.05919	True	0.31907	0.01519
7	4	216.37048	0.28738	6563.01804	0.00201	1.57368	0.00179	8.42460	0.03309	True	0.09347	0.00445
7	5	207.38437	0.69359	6563.01749	0.00496	1.59900	0.00448	8.75504	0.08064	True	0.54693	0.02604
7	6	199.34677	0.65065	6563.01589	0.00485	1.62356	0.00438	8.97413	0.07848	True	0.56800	0.02705
7	7	192.26328	1.01047	6563.01888	0.00767	1.62401	0.00699	9.39422	0.12361	True	1.33466	0.06356
7	8	188.17312	0.65242	6563.01886	0.00503	1.62430	0.00464	9.99213	0.08016	True	0.53245	0.02535
7	9	186.20578	0.92036	6563.01689	0.00719	1.62995	0.00669	10.72961	0.11256	True	1.12149	0.05340
8	0	232.35472	0.37952	6563.01674	0.00220	1.50140	0.00197	7.75830	0.03922	True	0.13405	0.00638
8	1	236.24837	0.95344	6563.01716	0.00562	1.50465	0.00496	8.27846	0.10145	True	0.80017	0.03810
8	2	239.16735	1.02030	6563.01743	0.00583	1.51443	0.00518	8.70477	0.10292	True	0.73467	0.03498
8	3	237.78615	0.81370	6563.01743	0.00483	1.53497	0.00428	8.77863	0.08749	True	0.57148	0.02721
8	4	232.71104	1.17535	6563.01756	0.00742	1.55380	0.00645	9.27839	0.12546	True	1.12444	0.05354
8	5	223.68808	0.39320	6563.01709	0.00253	1.57753	0.00227	9.20681	0.04494	True	0.13427	0.00639
8	6	214.19147	0.82042	6563.01635	0.00551	1.59879	0.00497	9.63932	0.09627	True	0.67574	0.03218
8	7	207.25674	0.63310	6563.01878	0.00428	1.60552	0.00396	9.86147	0.07360	True	0.39500	0.01881
8	8	201.16479	0.96891	6563.01810	0.00686	1.61180	0.00626	10.53081	0.11692	True	0.93403	0.04448
8	9	197.73700	0.70458	6563.01618	0.00524	1.63032	0.00484	11.11622	0.08497	True	0.52552	0.02502
9	0	251.69745	0.41792	6563.01759	0.00218	1.49231	0.00194	8.26319	0.04213	True	0.15838	0.00754
9	1	256.06830	0.29225	6563.01839	0.00157	1.49455	0.00137	8.46426	0.02964	True	0.07584	0.00361
9	2	258.79868	0.85866	6563.01796	0.00447	1.50469	0.00399	9.19465	0.08553	True	0.53357	0.02541
9	3	257.63578	0.85920	6563.01749	0.00447	1.51435	0.00400	9.59102	0.08745	True	0.64175	0.03056
9	4	251.82871	0.75632	6563.01932	0.00403	1.53412	0.00361	9.94795	0.07650	True	0.45527	0.02168
9	5	242.34490	0.80232	6563.01766	0.00452	1.55214	0.00405	10.07623	0.08305	True	0.55923	0.02663
9	6	232.06239	0.76220	6563.01786	0.00452	1.57009	0.00407	10.39201	0.08335	True	0.58494	0.02785
9	7	222.71909	0.98680	6563.01797	0.00623	1.59081	0.00573	10.51514	0.11047	True	1.03241	0.04916
9	8	217.11851	0.39380	6563.01888	0.00253	1.60507	0.00234	10.78264	0.04519	True	0.16349	0.00779
9	9	213.72758	0.29041	6563.01702	0.00190	1.62315	0.00177	11.31281	0.03401	True	0.09457	0.00450
